-15.588212733868808 -0.35298908981805177 0.2688172997601726 -0.04624071240474431 0.2877023854632626 -0.4390331744454152 -0.0440451686771586 -0.11587851890047136 0.04747987637507809 -0.01721618870175744 -0.629517468809305 0.26816161988537474 -0.42900819360062525 0.007945704188282495 -0.19997684496676424 0.10380467067352234 -0.030990026367578458 0.29471048092198454 0.04257185340220669 -0.08363137672916916 -0.06664131816858627 0.016209088968865533 0.073939
-15.979642388661889 0.2631942753362186 0.06788213681067497 0.08917982773838341 0.6146434206621141 0.292915912118542 -0.3508162893999048 0.14329460150408607 0.5502887013390234 -0.399007488953138 -0.014917853854385932 -0.1618475245740375 -0.13884166170797047 -0.15268712676850274 -0.030674766553794662 0.26631889073166765 0.05365341083594987 -0.019552924728708666 0.006862298843822 -0.20168581626329096 -0.03632620160199995 0.01060204774174046 0.62084
-15.582288974773194 0.33542982364476853 -0.7737355386826814 0.047382779522768835 0.43690191963269687 0.24183991922403983 -0.1379480016894408 -0.11019953760186514 0.5558640209370858 0.5802971313858606 0.04969958602155414 0.3897893205544324 0.2935941746833323 0.08837469056103808 0.11153140411855918 -0.12822779427779663 0.12961978602372348 -0.00410752030185278 -0.03884594666933183 0.12347234107999981 0.0026347538833317334 0.023829071127235237 0.80754
-15.364999044953453 0.06650636455105596 0.2921136249679953 -0.525243970364156 -0.2753984145927502 -0.5067504500997182 0.276561935020509 -0.13837285833063828 0.29404946165434975 0.06650420840116712 -0.1457598143579458 -0.09788946143461873 0.3663109273625711 -0.041727598121024126 -0.24804046050705691 -0.20703818645076255 0.044972600490419484 -0.11501319405098151 -0.16924069510506493 0.00669833719410912 0.035612926357807696 -0.07968615171609912 0.33653
-15.761000434179884 -0.638270904645638 -0.17485479581685795 0.4680539368509817 0.6754773851248848 -0.6543009960842956 0.07726309026312692 0.33271139507627806 0.3459977273362239 0.01843659434205825 -0.13155045505845275 -0.10120589519598197 0.18397409822458774 0.09604856696069691 0.1042238635957682 0.10656336763853304 0.07286627441170987 -0.08499648690824282 0.03306258383299582 0.055164281867369325 0.1846489283732617 0.04063419986259217 0.58106
-15.879157428365852 0.36131615872425143 0.12246511173609449 0.4447100761153557 0.07319031894851585 -0.04016802166023737 -0.19567484370275065 -0.5216468486297319 -0.38609422254121684 0.20509977720129596 0.10154754154434315 0.1296651679452753 0.21696829087564387 -0.3248164011674737 -0.10048269346137555 0.09437788938265547 0.056929813360448514 0.17654139213101971 -0.22482383856136162 -0.11005317941911569 0.21419180979664246 0.0423573752799245 0.22657
-15.903587567113913 0.7999835904542997 -0.42281474197510927 -0.5362839190524195 0.008045688155565781 0.010007885857784853 0.1358729449834483 0.3984663306208631 0.13801850086983194 0.1322489511657955 -0.011876535310104026 -0.11803331533714528 0.13825029731668112 -0.00652843490280481 -0.10944502929009699 0.11979559487363536 -0.148433810464016 0.039876032115525296 0.050215154387121236 -0.08014213211288179 -0.015578314203626898 0.13502441447529975 0.083996
-15.777589084893934 0.6769963303333137 -0.41894373463774576 0.2068838517455685 0.10589791099158637 -0.3345916515295679 0.6624994603227043 -0.24463964696586954 0.1348598807216365 0.07997406421819053 0.14652137113531796 0.2944727491315038 -0.257428608038783 -0.05325484427113421 0.017301618965579996 0.10445750640057526 -0.10301643834471849 -0.019266427765490163 0.19725431751826125 -0.044632624152934404 0.00592768984030622 -0.01852120463317249 0.94154
-15.58198566547157 -0.45244833687584973 -0.41607622579428394 0.006452230073983559 0.33653619822886716 0.3634945943973891 0.02830613417274253 -0.060178807491267985 -0.08639956544796296 -0.31585896524103635 0.6252728500400913 -0.16281860887137237 -0.06459727694073064 0.26078674477904745 -0.20263490977553053 -0.07847901997937781 -0.004093801785706643 0.0010045084692993742 0.017205596065501164 0.16905648507002508 -0.05932851748330183 -0.07300669256042637 0.51017
-16.59731490166327 -0.05624040607439574 -0.4335283972957105 -0.2928395020278664 0.10452949318799365 -0.2645666361705821 0.2394306906807662 0.03151092003408211 -0.04366527446110847 -0.05115752588552675 -0.25793266679074656 -0.17749639507307005 0.007644707973346968 0.10426866549571563 -0.5980290219754028 -0.10071019535267557 -0.2892916198974206 -0.12871623533321513 -0.10848388177499906 0.17094213931998728 -0.1878692314404693 -0.016841320773604142 0.10198
-15.932368119727196 -0.5304982837672896 -0.6629352865171947 -0.007270025623593963 -0.42355488458021745 -0.020885627499616772 0.19745725154206384 -0.30792271590079945 0.25385813970309884 -0.27582741994347304 -0.12570640725358992 0.16267659991693484 0.008430784485777358 0.24223448423305244 -0.16645992631338039 -0.11647958726162738 0.0699737882975066 -0.018321760312216356 -0.1467444656625299 -0.21367932164366832 0.08528988763528554 0.023650336910020924 0.060319
-15.715288364974766 0.17621241004428703 -0.11625362549995202 1.2028262873106326 -0.4786934978072199 -0.3142737410718486 -0.055641336181336806 -0.025220110166262914 0.1464342530943998 -0.2639703783710413 -0.17530340551910814 -0.22069937583125657 0.22023152518491207 0.4368928430261621 -0.17467722736473446 0.3428764371059693 -0.02095777426471193 -0.06481804417433905 -0.11666726114007789 0.029079538584174412 0.005537280706634309 -0.03123668505423442 0.94912
-15.02772249426625 -0.5702160297661719 -0.29020957382338114 -0.8597462303747827 0.2734349576627545 -0.024553055484909 -0.2934175490146098 -0.35504023500458914 -0.007067357515476877 -0.005865166120969559 -0.18979697863968645 0.07370011462771547 0.15320634949073722 0.27755017806475035 0.23228348612830424 0.14115998693309567 -0.059698245037670974 -0.1024937671935546 0.05575513491723358 -0.007616973460751133 -0.005875469020799788 0.050189475247675405 0.54307
-15.488971189626335 0.5114592664378738 -0.5068358227519715 0.11438833172645227 0.18597742767099537 0.19221139514562283 0.23089225927914253 -0.32210460667746993 -0.012263306523084334 -0.39827338474155627 -0.338149244583584 0.1355077965529283 0.3981597025151196 -0.1936128639763631 0.3910548067372441 -0.08540586377042939 0.015205954755655364 -0.13646082634460388 0.13950906148350103 0.03384268168019694 -0.035016838076389105 -0.03723926841540188 0.53189
-15.460981543347716 -0.6369802227351853 0.35063792049042397 0.0352689989640361 -0.44649030830041564 0.3491841950331205 -0.05310281596552551 -0.009465169822448672 -0.13679118397781637 0.23118384553055998 -0.18898141048014433 0.010420697767573914 -0.26563206484219704 -0.2076786662241194 -0.1162684957364318 0.002024071182570469 0.15994732514216684 0.13953683854573293 0.07417195009144037 -0.1342829325902523 -0.0583914995097989 -0.0002110135377081484 0.55052
-15.793480088594025 -0.16048319784415144 0.234474825341077 -0.4459455418079432 -0.2093656678522088 0.7323619185823593 -0.30791828692396944 0.1452043287804112 -0.27104605516410646 -0.5800656576967156 -0.17945954043896983 0.3729968085819036 -0.16789946963704885 0.3032871012458138 -0.2556395490705436 0.10474046840537828 -0.03159295709309588 -0.027331871033637496 -0.04796259753423803 0.033408078894818546 0.03045957545171419 0.04638824615971387 0.81536
-15.679728949887316 -0.44786542474484425 0.5341208560011845 0.12819966247301862 0.09334317830851743 -0.42979313887920934 0.6016758889151307 -0.4731810202894418 -0.28542616155069495 -0.03599829132256456 0.13429847790574415 0.01596529341321261 -0.022045651974053705 -0.15099286634303627 -0.22495607963832134 -0.2282735313923947 -0.00030744675477940305 -0.03716605838066351 0.08021375326872832 0.12936600656074326 0.02130183133817123 0.0870064167281096 0.64685
-15.894774134059318 -0.33016325008845915 0.27466458660197096 0.37367181174101094 0.5823828397982042 0.2236379636576788 -0.019239048083902695 -0.23637789334042475 -0.04008060110712501 0.30575203505787457 -0.3342574823673697 0.08675374748213119 0.3055447441108506 -0.00932913079249321 -0.03419560042182912 -0.020472476622717225 -0.16030008651976768 -0.007621295392714248 0.07199319248943258 -0.20302105453600183 -0.17926244490556334 -0.13005825987428568 0.77466
-16.110767785888523 0.15372094512270343 0.59323391848978 -0.2549751640026319 0.20659790163136274 -0.08284364927765922 0.2932781403789868 0.2763533524567584 0.39900173283001505 -0.05694839234437623 0.04281925804793458 -0.4284792165930719 0.2130861571001306 0.4081313499501086 0.15273226492557612 0.1526931393267574 0.16192967963555327 0.3535176279688514 0.03132647721419747 0.03556974671907151 -0.0056677846721149595 -0.037956683324997194 0.29939
-15.797787134858202 0.4441354571268052 0.19411662050501374 -0.16857307548740147 0.20524933823698205 0.11597213747097329 0.28192200601894096 0.16849122732411645 -0.8729653132161246 0.2610444354554562 -0.24444987662312284 -0.11913614526631236 0.1167665737577131 -0.17003340739716638 -0.09695659820135506 0.3155374310247607 -0.2505659205083894 0.14546782961801827 -0.05460391008859834 0.012417483051441773 0.057575820679160235 -0.022005447234790556 0.727
-15.309400881640892 0.2133421677678088 0.16783496899586106 0.14601098028761958 -0.005319488298951984 0.24751373758649745 -0.19058389394225844 -0.5414696864831499 0.3885803269237483 -0.14764919388551484 -0.04819432996962367 -0.6314786275945852 -0.20597299201612573 -0.05986460745333454 -0.05437089161494989 -0.12512576376169954 -0.34385241517912885 -0.06071667872351121 0.056744604231963106 -0.014018048199860052 0.08576994733501526 -0.021320269139364818 0.58813
-15.299530265042817 0.5670175427285157 -0.9310274085984351 0.27375672181757776 -0.07694147449211113 -0.1746456923576567 -0.07051087714320291 0.3352713786085025 -0.29447658677568495 -0.02479691239228376 0.16913007763327062 0.2581090614194496 -0.1677845478060489 0.16938313301706612 -0.215013382623225 -0.26721227627231126 0.41387598115066493 0.13679131416727153 0.0038492833429204006 -0.12267601207613463 -0.08200485081739504 -0.06041604313583952 0.21469
-15.623216425012671 -0.1955192400470581 0.5767964548312308 -0.3191124389760683 0.32931457104064005 0.4205743294218358 0.17113079494011021 -0.19848964119448773 0.252016110595827 0.07563464084906686 0.17845002407043214 0.05656121560252724 0.06948057008969515 -0.092580956946765 -0.1623104995705194 0.015577440190963165 0.09568343634162124 -0.02076446216037517 -0.09236395322894718 0.0733048714998865 0.10246039772326619 -0.023669796939328278 0.55326
-15.851658030430132 -0.8321448571459795 0.18553444747824305 0.1310687547149695 -0.5437311774771718 0.3734771373222612 -0.15421527827580805 -0.19796576244915687 0.2457872004309608 0.3024405261746213 -0.17022027999506611 0.11794898343932717 0.0008048425072693394 -0.07679699164440278 0.18552867699167003 0.013271001793107987 0.1127797978522775 -0.16024167728683147 0.05817138997436508 -0.06279553751875598 0.004124704220041434 -0.07335894478481474 0.74234
-15.890156162015824 0.22388316027143199 0.7997802391767306 -0.10588796375811899 -0.2961290147116102 0.1613056438452807 0.08576520091342421 0.33315523425628946 -0.14544405274354102 -0.1033096422279063 0.2582683579422463 0.17524842427835294 0.36537177264476006 0.35303616058491405 -0.2243358524841406 -0.06680538335680809 0.09319672166381036 -0.12955249538444416 0.32717682824623945 -0.06261050361731156 0.05048269843230957 0.016623570231578913 0.44781
-15.161371107108389 0.5295702372409112 -0.3444539454103957 0.19228626712356325 -0.07303695389449517 0.10950744136980521 -0.21084659676979306 -0.31146397403370335 -0.3856933720855556 -0.36910513419470237 0.13880951050709112 0.20820555582232195 -0.0002993968479885011 -0.14488892411028156 0.10175850378610587 0.4490763683361648 0.04146917755547943 -0.13613922673152912 0.04895117259863746 0.09113876371440024 0.033521949935033615 -0.07466178358957465 0.079609
-16.15086005528715 -0.7204458102299193 -0.08226610663985696 0.10175562910075582 -0.366666915627239 0.19378114702146498 -0.3250616339765751 0.12030777941178522 -0.08416099857957626 0.4458192131663532 0.3088606947711573 -0.18322079101336697 0.26776107684398964 -0.23296973716575284 -0.00946268322439803 0.15504849971507467 -0.10311073109682874 -0.019086477802411843 -0.010533090914270122 0.17862934054205973 -0.09830462280809563 0.009535709578725234 0.3591
-16.042892585513577 0.21216481616267052 0.5600014252596576 0.4475099770373875 -0.5622170688029323 -0.5889135230234303 -0.21871133822357425 -0.09252387799897215 0.09838420746219677 -0.15864735597917953 -0.11350198397876046 -0.042335242792891414 -0.0787026252198352 -0.023008047262603304 0.1380447374904314 -0.09762638149610892 -0.06802974599373666 -0.09803666753430974 -0.05780877029589056 -0.10976564430082963 -0.12545403274950734 0.0432345617567932 0.4367
-15.50815669030264 -0.04156526238584428 0.15458777835425794 -0.16794300506723503 -0.8375760510444475 0.01674582529658193 -0.1983624598547307 -0.026070243838880045 0.20937237499264327 -0.4790545798299507 0.04092935401392983 -0.07616685741937214 0.2765752680118257 -0.23964261958219865 0.0832645022346336 -0.17825098226953556 0.03410472383315577 0.2136125346193156 0.14578133928266518 0.057154882720844694 0.03997652810973713 0.049495296845303086 0.4833
-15.655117666139581 -0.06874721619289118 0.1594967018176477 0.10768473267023916 0.22582893001329993 -0.02661388806475285 -0.23455217069566334 -0.30294940004320975 -0.2367386989191139 0.305522138939356 0.12059884695059435 0.2410452897887506 -0.296606924090588 0.23914788130701656 0.03010300719847112 -0.34533468879447565 0.08921013696617555 -0.01015297623153074 -0.14191169560157768 0.08000359021854188 0.11149125339931633 0.02468441691522147 0.84551
-15.682147432435633 -0.03894350114907646 -0.28028171107848826 -0.4443561843120607 -0.401713227211026 0.5477978848547406 0.5524888656934441 -0.23209244393846576 -0.029180759893689436 0.22069119705207452 -0.19985598993963272 -0.007670115393853301 0.1506877972598182 0.2094527120921159 0.1700805247376267 -0.08234201424477465 -0.06167695382124524 0.1154455123648069 -0.013110327400839082 -0.10598012299418115 0.12708501297646493 -0.0502649667968881 0.36519
-15.608833976953658 0.5137099845414754 0.10621698365755268 0.4296798722312522 0.04000012728947284 0.48365803200345475 0.11245508375467958 0.12350095974922524 0.4887539777863795 0.12400717799480342 0.12297698079098825 0.03863746469256675 -0.06279833928147219 -0.20770752731025882 0.008529848144378809 -0.08258912596639817 -0.07255583576300464 0.15392471971280267 -0.09982742062251035 0.04545748930432285 -0.05503874079456702 0.03490803845278599 0.094476
-15.153166811522777 -0.08946639433900531 -0.13517879100099486 0.18251289787870048 0.04173286594111775 0.1287286894789883 0.08223462778593449 0.21605425302392062 0.2995937523946738 -0.3058197693475802 0.08591905411735039 0.31395563794643394 -0.024082481617607208 -0.20605592926879887 0.030750722509502372 -0.2193524470138307 -0.34678074325694735 0.35721206244789877 0.02370473935118383 0.15152749959169967 0.05425133926817216 -0.04891842106246157 0.59864
-15.830747369440221 0.8027729853562076 0.2885561272967444 0.10870929217560275 -0.4123019131460689 0.11498602177884965 0.3656381048912762 0.15716259527882126 -0.04422887030938095 -0.08969945356879122 -0.2357482425161665 -0.10787893880877268 -0.09798139259944981 0.0921575565350459 0.339200225512118 -0.13710543183046692 0.1222969370868822 0.006564758174687342 -0.18419779817941875 0.1286864537239158 -0.0825624394708487 0.07166351674717228 0.83587
-15.795782698993305 -0.37986525998738396 -0.4249191032268298 -0.2525535433261063 -0.2135090110694331 -0.48730868376837677 -0.15441617499122712 -0.22425188508547333 -0.40112911679437907 -0.16766720781379169 0.2683345716665321 -0.22193241634006267 -0.13445811063133395 0.03416913229257903 0.5884710095211576 -0.14963604386801654 -0.14195461489309905 0.18609681212049103 -0.008931341167103046 -0.005891216158748583 -0.1272035591436118 -0.03164730881602966 0.47536
-15.60537676814861 -0.14893943093487796 0.6117824794787002 0.18683823831510263 0.07905452885280057 0.13975817435904359 0.2946910548875526 0.4831005655193789 -0.04317578745786291 -0.09284046911851165 -0.26311198021957916 0.2180207261908975 -0.0754970985027242 -0.25408810747968574 0.14907663189682474 -0.021774227938312626 0.26764388515199306 -0.1798174942008872 -0.10763537188760017 0.17370166066416728 -0.11059065704735485 -0.1030680910514073 0.053267
-15.743817167214663 0.30364418021883144 -0.19836627871766305 -0.26807956504629366 -0.21454936080763612 -0.5231989734404268 -0.9199497863701835 -0.5846469416083425 0.11473008499211929 0.26966144575171963 0.019903863905769575 -0.06284297167796604 -0.09895547967829968 0.027565044355283175 -0.19216781189389986 0.20746405220234626 0.2208462472324148 0.12834571672093117 0.141966013738966 0.18448819143243336 -0.019133066046553616 -0.029214980764182677 0.53005
-15.948944214147438 -0.280640812271033 0.2655092097753765 -0.3481985380357526 0.010026599428183626 -0.404810500207596 -0.09260016501712076 0.5532361323899594 -0.11557362547051715 -0.004273145548096728 0.3481252855074001 0.1098278900025186 0.05435258303798255 -0.010233655982739393 0.06732824538750967 0.23218638754680493 0.02300232750734981 0.22449377436240475 -0.09870748149258712 -0.050399917067439126 0.06054198087588625 -0.10564613937833825 0.19709
-15.200268743659825 -0.18330376180093572 -0.241833295240565 -0.04159692533770558 0.19127773181950775 -0.3693849399450878 0.5749867292103616 0.02023029200383504 -0.553502228889619 -0.11643180963204135 0.09934291424409569 -0.22364055233647478 0.17446356841365143 -0.1826549210487374 -0.015277916528461277 -0.09350406320762661 0.1452135739529186 -0.09086634396229301 0.1269216680717603 -0.08817853071407789 0.05146310010502948 -0.005251198566340471 0.11964
-16.23209468140719 0.011550534424586808 0.4230205196747245 -0.05250746452950669 0.7456527963663077 0.0956127183656946 -0.05476776801817059 -0.15658379679599851 -0.11508991366318846 0.09426599756089943 -0.11223111028366632 -0.5092264050606362 -0.09397873973932924 0.05629972422122233 0.11194992377308102 -0.12740175124212585 0.3208017424606449 0.05656931225123469 0.05728202741003087 -0.002255093641106841 -0.09682539762842447 0.09265978050205957 0.11163
-15.655520174478625 -0.32097631901648144 -0.426891923207543 0.1866376646756687 0.23923720698393428 0.3222970186936656 -0.3159123772554516 0.2146729466205116 -0.5119146307855093 -0.13990511360114558 -0.5106313408264513 0.12355896331199295 0.11961500544668097 0.14064266660178007 0.16209037182971472 -0.015422758253754307 -0.03904247816714157 0.020527811306188363 -0.0335806519872647 0.10511658215039055 -0.019294652046043498 0.10539764912718681 0.90844
-15.618153887445711 0.6755298766654453 0.4570247915965606 -0.500395945962076 -0.0991300393908173 0.018244457869276517 0.08041951541284702 -0.38923647518439464 0.10767420702458036 0.14230945875533527 0.4489333064140668 0.3566246302481638 0.05196313131687748 -0.11921147318048377 -0.09374414638491153 0.17752545226942262 0.025945747730527283 -0.09767791633370095 -0.04262778103850178 -0.07448481869140013 -0.20423141801674702 0.058838579833128596 0.71044
-15.506098613110439 -0.2379270183012435 0.27316318691671493 0.1633011785176201 -0.17494075996164662 -0.07306979536526732 0.4794531384432086 0.019932299211408187 0.04324171794239816 0.43028527930848376 0.3885958554415045 0.1955787611956501 -0.3969265323625422 0.47612122637306553 0.36778021303208075 0.2735204150330818 -0.24262249912842038 -0.12657143663094056 -0.04610367458528049 -0.02877560391506252 -0.01662004078709956 0.034062923354956025 0.11499
-15.927538025570856 0.16601403338860948 0.11708298359100176 -0.6276922193561516 0.3438323508747901 -0.3222500720259598 -0.09846412846087876 0.16626758580618808 0.233098662307194 -0.362527338406379 -0.034656197012550884 0.22039081057411572 -0.5714780282619631 -0.18217338935348298 0.1203555960361477 -0.08861250828714784 -0.06926043609273468 -0.1905207992460363 -0.010208105691061774 -0.0005798677703727473 0.11186286650149758 -0.06442755507931168 0.21546
-15.71673483465158 -0.3844334768189962 -0.7180954054277239 0.34974452156125824 -0.27621929853936067 0.14459802777402694 0.09569287272995837 0.5425562505705095 0.12334691312234525 0.4453223650858876 0.02073097145541918 -0.040058071882651855 -0.22501924292631761 -0.17167266660322475 -0.1793450138053601 -0.07259265696075337 -0.09948610309946661 0.00924529449038658 0.17786031322168827 -0.05208570209543371 -0.015865716011746012 0.03396970884583419 0.3961
-15.859927193100093 0.04730308612352038 0.7217800521723241 0.7305629285680041 0.32340422685910425 -0.05429362518321432 -0.5459726110218738 0.21860273886474613 -0.2019975530463101 -0.08189393263229788 0.2787313424774603 0.2840605499425389 0.0778713135579574 0.06120073432072808 0.014651349853522956 -0.24830512260302715 -0.2093473289532678 -0.08503848686374361 0.10520093523608277 -0.02310173553407734 0.058743122034643734 0.044097839585885014 0.98892
-16.06802562744462 -0.690071248156889 -0.3346507121079968 -0.34191339631929 -0.0007940401219865453 -0.3797408993944856 -0.19087345969108035 0.45358531945729336 0.17803374757869858 -0.17577594279102232 0.24772507662413093 0.1252775942412186 0.3056564484438864 -0.36881164260050037 0.054578967805294226 0.090312356469233 -0.01396218070963396 -0.14073497749760738 -0.16337376787519137 -0.12046366818552771 -0.042048746563571514 0.0889364587525488 0.87401
-15.706071096632366 0.4657240848404324 -0.03326344544668412 -0.27455417995144754 -0.4685759106204835 -0.15723729835735425 -0.1942684214724622 0.44834288996106936 0.033196371254842344 0.4615354264993627 -0.43756183307088525 -0.18626974703224145 -0.2801008090532675 -0.09917117634617388 0.024644877611583182 0.05749098764840822 0.049212014562979224 -0.18962430024604762 0.11000753203264337 0.1435414584512239 0.16294241046900806 -0.015585704693284122 0.0082108
-16.055583901066722 0.6590560309313243 -0.05799922822433399 -0.2121539503734247 0.09690813849334674 0.1553401678398636 -0.6560677211825664 0.3238020668778548 -0.3176012545185651 0.20713201844243104 0.16299125894674193 -0.4973426233514085 0.0053543909804608 0.09972594522873925 0.040153211651953555 -0.3434027863706387 -0.13016172468032838 -0.16463532389101598 -0.1025396689972262 -0.1830414021167007 0.026339942193382555 -0.07424739957913797 0.35721
-15.776289418660893 -0.3820677692265043 -0.4367181124521417 0.24316703852274174 -0.021857907179053213 0.5051285222881534 0.3947002992511716 -0.11399914461060759 -0.06941394965796323 -0.21215628341804668 0.2873376704123295 -0.5464366126737417 -0.3932962559638041 -0.21353954596947852 -0.06222942042196468 0.19794287342591385 0.22890598050217906 -0.08475495193720775 -0.04290285930141147 -0.015955904958131133 0.03868099424467618 0.03686609818425745 0.82844
